1,2...,Nの番号の付いた頂点と1,2,...Mの番号が付いた辺がある。
辺iは頂点Aiと頂点Biを結んでいて行き来することができ、渡るのにかかる時間をTiとする
頂点Xから頂点Yまでの最短時間を答えよ。到達できない場合は-1を出力せよ。

制約


入力
N M X Y
A1 B1 T1
:
AM BM TM

サンプル

[1]入力
4 4 1 4
1 2 1
2 3 1
3 4 1
1 4 4

[1]出力
3

[2]入力
4 3 1 4
1 2 2
1 3 1
2 3 1

[2]出力
-1

[3]入力
10 15 1 8
1 2 2
1 3 6
1 4 5
2 5 1
2 6 1
3 4 2
3 7 2
3 8 4
4 9 2
5 6 1
5 10 5
6 7 3
7 10 2
8 9 3
9 10 4

[3]出力
10

[4]入力
10 15 1 8
1 2 2
1 3 7
1 4 5
2 5 1
2 6 1
3 4 2
3 7 1
3 8 4
4 9 4
5 6 1
5 10 5
6 7 2
7 10 2
8 9 3
9 10 4

[4]出力
10
